task
rdd空间不足，无法存：7,8
rdd空间不足，需drop：12
shuffle空间不足，大量spill to disk：13

Number of iterations: 5
Within cluster sum of squared errors: 961.2005960398702
Missing values globally replaced with mean/mode

Cluster centroids:
                                                    Cluster#
Attribute                               Full Data          0          1          2          3          4          5          6          7          8          9         10         11         12         13         14
                                          (18142)      (274)      (642)     (6063)     (1191)     (1925)      (820)     (2262)      (338)      (105)      (955)     (1604)     (1443)       (61)      (117)      (342)
======================================================================================================================================================================================================================
spark.CacheManager2                        0.7399     1.1934     0.3287      0.001          0     1.0551     0.1207     1.8095     5.1213          4     2.2555       0.51     0.0596      2.377      1.735     3.2164
spark.CacheManager8                        0.0244          0          0          0          0          0          0          0     0.9911          1          0     0.0012          0          0          0          0
spark.MapOutputTrackerWorker2               0.154          0          0          0     1.0361          0          0          0          0          0          0          0          1          0          1          0
spark.MapOutputTrackerWorker3               0.154          0          0          0     1.0361          0          0          0          0          0          0          0          1          0          1          0
spark.MapOutputTrackerWorker4               0.154          0          0          0     1.0361          0          0          0          0          0          0          0          1          0          1          0
storage.MemoryStore12                      0.4575     1.1861     0.1464          0          0     0.0836     0.0683     1.7989     6.1627     4.3714     0.0168     0.0804          0     1.7377          0      2.345
storage.MemoryStore13                      0.4575     1.1861     0.1464          0          0     0.0836     0.0683     1.7989     6.1627     4.3714     0.0168     0.0804          0     1.7377          0      2.345
storage.ShuffleBlockFetcherIterator8       0.4885          0          0      1.001     1.0361          0          0          0          0          0          0          0          1          0          1          0
storage.MemoryStore10                      0.0339     0.0073          0          0          0     0.0057          0     0.0053     0.0237        1.6     0.0052          0          0          1          0     1.0175
storage.MemoryStore11                      0.2507     1.0438          0          0          0          0          0     1.3466     0.8314     1.8476     0.0126          0          0     0.8361          0     1.9825
storage.ShuffleBlockFetcherIterator6       0.4885          0          0      1.001     1.0361          0          0          0          0          0          0          0          1          0          1          0
collection.ExternalAppendOnlyMap1          0.1995          0          0     0.0811     2.3829          0          0          0          0          0          0          0          0          0     2.4701          0
spark.MapOutputTrackerWorker1              0.1498          0          0          0          1          0     0.0073          0          0          0          0     0.0025     0.9702          0          1          0
executor.Executor3                              1          1          1          1          1          1          1          1          1          1          1          1          1          1          1          1
rdd.HadoopRDD5                             0.3943     1.0803     0.4393          0          0     0.0042     0.1085     1.4094     2.7574          2     1.0031       0.26          0      1.377          0     2.0175
executor.Executor12                        0.0047          0          0          0      0.005          0          0          0          0          0          0     0.0486          0          0     0.0171          0
util.Utils6                                0.0047          0          0          0      0.005          0          0          0          0          0          0     0.0486          0          0     0.0171          0
storage.BlockManager40                     0.1744     0.0292          0          0          0     0.0478          0     0.0071     0.0237     5.5619     0.0115          0          0    17.3607          0     4.0526
util.Utils3                                0.0034          0          0          0      0.005          0          0          0          0          0          0      0.033          0          0     0.0171          0
storage.BlockManager26                     0.2295     0.0584     1.0093          0          0     0.0868     0.1817     0.7157     0.4024     0.9619     0.6063     0.2375          0     1.1967          0     0.8596
storage.BlockManager43                      0.078          0          0          0          0     0.0192          0     0.0018     0.0118     1.0476     0.0063          0          0     9.6066          0     1.9532
storage.BlockManager25                     0.8713     1.0876     0.7804          0     0.1083     3.0951     1.8768     0.0133     1.4556     1.0381     1.0325     1.7512          2     0.2295          0     0.1637
storage.BlockManager45                     0.0037          0     0.0031          0          0          0          0          0          0          0          0     0.0411          0          0          0          0
storage.MemoryStore3                        0.001          0          0          0          0          0     0.0195          0          0          0          0     0.0012          0          0          0          0
storage.MemoryStore8                       1.3991     1.1095     0.1822      0.001          2     1.0842     2.0561     1.4045     0.8669     4.5238     2.6398     4.4308     2.0596     3.0328      3.735     4.7778
storage.MemoryStore7                       1.1316     0.0584     0.1822      0.001          2     1.0784     2.0561     0.0579     0.0355      2.181     2.6262     4.4308     2.0596     1.5082      3.735     2.2164
storage.MemoryStore6                       0.1925     0.1423          0          0          0     0.0831     0.0207     0.4523     5.3314     2.5238          0      0.005          0     0.8852          0     0.3626
executor.Executor13                        0.0047          0          0          0      0.005          0          0          0          0          0          0     0.0486          0          0     0.0171          0
broadcast.TorrentBroadcast3                0.3737          0          0          0          1          0          1          0          0          0          0          2          1          0          1          0
broadcast.TorrentBroadcast2                0.3737          0          0          0          1          0          1          0          0          0          0          2          1          0          1          0


Clustered Instances

 0        274 (  2%)
 1        642 (  4%)
 2       6063 ( 33%)
 3       1191 (  7%)
 4       1925 ( 11%)
 5        820 (  5%)
 6       2262 ( 12%)
 7        338 (  2%)
 8        105 (  1%)
 9        955 (  5%)
10       1604 (  9%)
11       1443 (  8%)
12         61 (  0%)
13        117 (  1%)
14        342 (  2%)
please label the anomaly class,split by ',':
7,8,12,13

block：
rdd空间不足，无法存：7
rdd空间不足，需drop：7
没有合理cache：0

Number of iterations: 13
Within cluster sum of squared errors: 153.46235880523193
Missing values globally replaced with mean/mode

Cluster centroids:
                                         Cluster#
Attribute                    Full Data          0          1          2          3          4          5          6          7          8          9
                                (5266)      (272)     (1252)      (306)      (960)      (442)      (662)      (320)      (139)      (288)      (625)
====================================================================================================================================================
storage.BlockManagerInfo1       0.4772          0          1          0          0          0          0          1     0.0072          1     1.0432
storage.BlockManagerInfo2       0.0051          0          0          0          0          0          0          0          0          0     0.0432
storage.BlockManager26          0.7905     4.8456     0.2276     0.2059     1.1802     1.4299     1.0604          0          0     0.0347      0.032
storage.BlockManager25          5.7966    10.7794     2.0232    19.3693     1.8323     1.4344     0.8036          1     6.9353          0    23.8784
storage.BlockManager43          0.1257          0          0          0          0          0          1          0          0          0          0
spark.CacheManager2             2.5691    10.2353     1.0375     4.6601     1.6073          1          1     1.0125    28.1511     1.0382     1.3392
storage.MemoryStore7            1.3566     3.6765          1     1.3725          1     1.4457     1.9728          1     2.2086          1     1.0432
storage.MemoryStore13           1.5458     6.5588     0.0375     3.2876     0.6073     2.0045     0.0423     0.0125    25.9424     0.0382      0.296
storage.MemoryStore6            0.6327     4.1544     0.0375     1.4902     0.2927     2.0023     0.0423     0.0125     2.9928     0.0382     0.1184
storage.MemoryStore11           0.8637     2.4044          0     1.7516     0.0594          0          0          0    22.9496          0     0.1776
spark.CacheManager8             0.0839          0          0          0          0          1          0          0          0          0          0
storage.BlockManager40          0.4544     2.8162          0     0.3758     0.0427     0.6335     1.3172          0     2.1007          0     0.0432


Clustered Instances

 0       272 (  5%)
 1      1252 ( 24%)
 2       306 (  6%)
 3       960 ( 18%)
 4       442 (  8%)
 5       662 ( 13%)
 6       320 (  6%)
 7       139 (  3%)
 8       288 (  5%)
 9       625 ( 12%)

please label the anomaly class,split by ',':
0,7